name: "Fujinon"
model: "UCM"

fx: 633.4458555254
fy: 633.7750663808
cx: 503.8310147606
cy: 492.2379857207

xi: 1.6353930219

cols: 1024
rows: 1024
