name: "Azure Kinect DK"
model: "OFM"

fx: 530.113157439518
fy: 526.6986917120266
cx: 511.0523361691538
cy: 512.5782082901403

k1: -0.011803734866140107
k2: -0.0618479524478438
k3: 0.06626582072027809
k4: -0.03510804904563179

cols: 1024
rows: 1024
