name: "Azure Kinect DK"
model: "OFM"

fx: 503.877
fy: 504.145
cx: 509.078
cy: 510.833

k1: -0.00904537
k2: -0.0110719 
k3: -0.00671492
k4: -0.0000512231

cols: 1024
rows: 1024
