name: "Azure Kinect DK"
model: "RPM"

fx: 503.8769836425781
fy: 504.14544677734375
cx: 509.0780944824219
cy: 510.8331604003906

k1: 0.4452361762523651
k2: -0.027260301634669304 
p1: 0.00011894194904016331
p2: 2.8838716389145702e-05
k3: -0.0019093812443315983
k4: 0.7864969968795776
k5: 0.04874652251601219
k6: -0.011641541495919228

cols: 1024
rows: 1024
